[85, 84, 95, 80, 81, 37, 36, 65, 62, 68, 7]
[78, 113, 112, 101, 97, 100, 110, 109, 108, 66, 62, 68, 7]
[4, 43, 28, 24, 29, 72, 88, 90, 77, 103, 102, 113, 114]
[85, 84, 95, 82, 37, 81, 32, 36, 65, 62, 63, 34]
[78, 114, 111, 117, 93, 86, 105, 71, 36, 65, 62, 68, 7]
[53, 85, 80, 95, 82, 37, 69, 86, 100, 99, 76, 48, 47, 51, 14, 2, 3]
[78, 57, 114, 52, 56, 84, 95, 82, 37, 70, 71, 105, 106, 108]
[53, 85, 80, 81, 32, 36, 65, 62, 68, 7]
[53, 52, 56, 114, 113, 102, 91, 87, 88, 72, 29, 24, 28, 43, 4, 42]
[54, 53, 52, 56, 114, 113, 102, 91, 87, 88, 72, 29, 24, 26, 28, 43, 4]
[18, 61, 85, 84, 56, 114, 113, 102, 91, 87, 88, 89, 22, 72, 29, 44, 50, 47, 49, 48, 31]
[22, 89, 87, 91, 102, 113, 114, 56, 84, 95, 82, 37, 70, 71, 36, 65, 62, 63, 33, 6, 34, 5]
[85, 80, 81, 32, 36, 65, 62, 63, 33, 6, 5]
[85, 84, 95, 80, 81, 32, 36, 65, 62, 68, 7]
[85, 80, 81, 32, 36, 65, 62, 68, 7]
[9, 17, 4, 43, 28, 24, 29, 72, 88, 87, 91, 102, 113, 114, 52, 53]
[31, 12, 11, 76, 48, 75, 50, 45, 30, 28, 43, 42]
[9, 23, 89, 92, 91, 102, 113, 111, 115, 95, 82, 37, 70, 71, 36, 67, 62, 63, 34]
[85, 80, 81, 32, 36, 65, 62, 68, 7]
[85, 84, 56, 115, 95, 80, 83, 60, 18]
[85, 80, 81, 32, 36, 65, 62, 68, 7]
[117, 95, 84, 56, 52, 53, 54, 18]
[113, 111, 114, 56, 84, 95, 80, 81, 59, 19]
[53, 85, 84, 115, 111, 117, 93, 86, 105, 104, 109, 20, 21, 1, 2, 3]
[4, 17, 9, 25, 24, 29, 72, 88, 87, 91, 102, 113, 111, 115, 84]
[106, 108, 109, 110, 104, 105, 69, 94, 117, 111, 114, 52, 53, 54]
[4, 43, 28, 24, 29, 72, 88, 87, 91, 102, 113, 114, 52, 53, 54]
[4, 43, 28, 24, 29, 72, 88, 87, 91, 102, 113, 114, 56, 84, 95, 80, 85, 53]
[21, 0, 12, 109, 110, 104, 105, 86, 93, 117, 111, 112, 103, 102, 79, 92, 8]
[85, 80, 95, 117, 94, 93, 97, 96, 101, 103, 77, 90, 73, 75, 74, 44, 45, 30, 39, 43, 42]
[78, 79, 92, 89, 22, 10, 25, 26, 17, 43, 4]
[31, 12, 109, 110, 100, 96, 101, 103, 77, 90, 73, 74, 44, 45, 30, 24, 25, 26, 17, 9]
[53, 85, 84, 95, 115, 117, 93, 94, 69, 105, 106, 108, 109, 20, 0, 1, 2]
[114, 78, 79, 92, 8]
[18, 60, 83, 80, 95, 117, 93, 94, 69, 105, 107, 110, 109, 12, 0, 1, 2, 21]
[114, 52, 53, 85, 80, 81, 32, 36, 65, 62, 68, 7]
[114, 52, 53, 85, 80, 81, 32, 36, 65, 62, 68, 7]
[4, 43, 17, 26, 25, 10, 22, 89, 87, 92, 79, 102, 103, 101, 96, 100, 110, 109, 20, 0]
[4, 42, 43, 39, 30, 45, 44, 74, 73, 90, 77, 103, 101, 116, 117, 95, 84, 85]
[4, 42, 43, 38, 39, 46, 45, 50, 75, 74, 73, 90, 77, 103, 101, 112, 111, 114, 56, 84, 80, 83, 60, 18]
[4, 17, 43, 28, 30, 39, 46, 50, 75, 48, 76, 99, 100, 86, 69, 94, 117, 95, 84, 56, 52, 53, 85, 61]
[4, 43, 28, 24, 29, 45, 50, 51, 47, 49, 13, 31, 12, 109, 108, 66, 65, 62, 64, 34, 6, 5]
[4, 42, 41, 16, 15, 14, 13, 31, 12, 109, 110, 100, 97, 116, 117, 95, 84, 85, 53]
[4, 43, 28, 30, 45, 44, 74, 88, 90, 77, 103, 112, 101, 97, 100, 107, 105, 70, 71, 36, 32, 81, 59, 19, 33, 6]
[4, 17, 9, 25, 24, 30, 28, 43, 38, 39, 46, 50, 75, 76, 99, 100, 96, 97, 93, 94, 117, 95, 84, 85, 80]
[54, 53, 52, 114, 113, 102, 91, 87, 88, 72, 29, 24, 28, 43, 4, 42, 41]
[22, 89, 87, 91, 102, 79, 113, 114, 56, 84, 95, 80, 83, 60, 19, 33, 34, 63, 64, 7]
[4, 43, 38, 39, 46, 45, 50, 74, 75, 48, 76, 99, 27, 110, 109, 20, 21, 68, 7]
[9, 17, 43, 28, 24, 30, 45, 44, 74, 73, 90, 77, 103, 101, 96, 100, 110, 109, 104, 106, 71, 65, 67, 62, 64]